75960609602200111
75960609602200211
75960609602200311
75960609602200411
75960609602200511
75960609602200611
75960609602200711
75960609602200811
75960609602200911
75960609602201011
75960609602201111
75960609602201211
75960609602201311
75960609602201411
75960609602201511
75960609602201611
75960609602201711
75960609602201811
75960609602201911
75960609602202011
75960609602202111
75960609602202211
75960609602202311
75960609602202411
75960609602202511
75960609602202611
75960609602202711
75960609602202811
75960609602202911
75960609602203011
75960609602203111
75960609602203231
# Up until 04/13/2023
