75960609601500111
75960609601500211
75960609601500311
75960609601500411
75960609601500511
75960609601500611
75960609601500711
75960609601500811
75960609601500911
75960609601501011
75960609601501111
75960609601501211
75960609601501311
75960609601501411
75960609601501511
75960609601501611
75960609601501711
75960609601501811
75960609601501911
75960609601502011
75960609601502111
75960609601502211
75960609601502311
75960609601502411
75960609601502511
75960609601502611
75960609601502711
75960609601502811
75960609601502911
75960609601503011
75960609601503111
75960609601503241
# Up until 04/13/2023
