75960609724100111
75960609724100211
75960609724100311
75960609724100411
75960609724100511
75960609724100611
75960609724100711
75960609724100811
75960609724100911
75960609724101011
75960609724101111
75960609724101211
75960609724101311
75960609724101411
75960609724101511
75960609724101611
75960609724101711
75960609724101811
75960609724101911
75960609724102011
75960609724102111
75960609724102211
75960609724102311
75960609724102411
75960609724102511
75960609724102611
75960609724102711
75960609724102811
75960609724102911
# Up until 04/13/2023
