759606086291000111
759606086291000211
759606086291000311
759606086291000411
759606086291000511
759606086291000611
759606086291000711
759606086291000811
75960608703700111
759606086291000911
759606086291001011
759606086291001111
759606086291001211
759606086291001311
759606086291001411
759606086291001511
759606086291001611
759606086291001711
759606086291001811
759606086291001911
759606086291002011
759606086291002111
759606086291002211
759606086291002311
759606086291002411
759606086291002511
75960608703700211
759606086291002611
759606086291002711
759606086291002811
759606086291002911
759606086291003011
759606086291003111
759606086291003211
759606086291003311
759606086291003411
759606086291003511
759606086291003611
75960608703700311
759606086291003711
759606086291003811
759606086291003911
759606086291004011
