75960608458600111
75960608458600211
75960608458600311
75960608458600411
75960608458600511
75960608458600611
75960608458600711
75960608458600811
75960608458600911
75960608458601011
75960608458601111
75960608458601211
75960608458601311
75960608458601411
75960608458601511
75960608458601611
75960608458601711
75960608458601811
75960608458601911
75960608458602011
75960608458602111
75960608458602211
75960608458602311
75960608458602411
75960608458602511
759606087021000111
75960608458602611
75960608458602711
75960608458602811
75960608458602911
75960608458603011
75960608458603111
759606087021000211
