75960609600800151
75960609600800211
75960609600800311
75960609600800411
75960609600800511
75960609600800611
75960609600800711
75960609600800811
75960609600800911
75960609600801011
75960609600801111
75960609600801211
75960609600801311
75960609600801411
75960609600801511
75960609600801611
75960609600801711
75960609600801811
75960609600801911
75960609600802011
75960609600802111
75960609600802211
75960609600802311
75960609600802411
75960609600802511
75960609600802611
75960609600802711
75960609600802811
75960609600802911
75960609600803011
75960620465600111

75960609600803111
75960609600803211
75960609600803251
75960609600803311
# Up until 04/13/2023
