75960608702000111
75960608702000211
75960608629000111
75960608629000211
75960608629000331
75960608629000411
75960608629000511
75960608629000611
75960608629000721
75960608629000811
75960608629000911
75960608629001011
75960608629001111
75960608629001211
75960608629001311
75960608629001411
75960608629001511
75960608629001611
75960608629001711
75960608629001811
75960608629001911
75960608629002011
75960608629002111
75960608629002211
75960608629002311
75960608629002411
75960608629002511
75960608629002611
75960608629002711
75960608629002811
75960608629002911
75960608629003011
75960608629003111
75960608629003211
75960608629003311
75960608629003411
75960608629003511
75960608629003611
75960608629003711
75960608629003811
75960608629003911
75960608629004011
75960608113403121
75960608113403221
75960620229400112
75960608746400121
75960608849200121
75960608145500117
75960609396000111
75960609396000211
75960609396000311
75960609396000411
75960609396000511
75960609396000611
75960620214000111
75960620214000211
75960620214000311
75960620214000411
75960620214000511
